precision:0.8460913994298995
recall:0.8480825958702065
acc:0.8463126843657817
f1:0.8462366133673231
AUC:0.9199297778473909
AUPR:0.9061291686343237
Matthews Correlation Coefficient:0.6940140616028095
