precision:0.8436154949784792
recall:0.8672566371681416
acc:0.8532448377581121
f1:0.8552727272727272
AUC:0.9243610828308141
AUPR:0.910904758616747
Matthews Correlation Coefficient:0.7067672499905149
