precision:0.8571428571428571
recall:0.8230088495575221
acc:0.8429203539823009
f1:0.8397291196388261
AUC:0.9147631851445776
AUPR:0.8941503343953345
Matthews Correlation Coefficient:0.6863851834508014
