precision:0.8169582772543742
recall:0.8952802359882006
acc:0.8473451327433629
f1:0.8543279380717804
AUC:0.9169690483027472
AUPR:0.9007271898592398
Matthews Correlation Coefficient:0.6979049248523392
