precision:0.8654781199351702
recall:0.7876106194690266
acc:0.8325958702064897
f1:0.8247104247104248
AUC:0.9156464005708269
AUPR:0.9080634469371146
Matthews Correlation Coefficient:0.6679004570617793
