precision:0.8472622478386167
recall:0.8672566371681416
acc:0.855457227138643
f1:0.8571428571428571
AUC:0.9279091723879883
AUPR:0.9168001133631827
Matthews Correlation Coefficient:0.7111124926586129
