HEBP1_GRM7,0.009510220540339327
DCN_EGFR,0.0036539594900586074
DCN_ERBB4,0.0016811935854089686
GRN_TNFRSF1A,1.0
GRN_SORT1,1.0
GRN_TNFRSF1B,0.9880191693290736
GRN_CLEC4M,0.0710862619808306
GRN_EGFR,0.4704472843450479
UTS2_UTS2R,0.0
ICAM3_CLEC4M,0.0710862619808306
ICAM3_ITGB2,0.549520766773163
ICAM3_CD209,0.9960063897763578
ICAM3_ITGAD,0.0127795527156549
CEACAM1_CD209,0.9147786842023636
CEACAM1_SELE,0.008069419026644674
CEACAM1_EGFR,0.4320807096994324
FGF4_FGFR2,0.0
FGF4_FGFR3,0.0
NTN1_UNC5D,0.0009553646204907055
NTN1_DCC,0.0001985173237383284
NTN1_UNC5A,6.203666366822496e-06
NTN1_ADORA2B,0.0067619963398368125
NTN1_UNC5C,0.0032259065107478366
NTN1_NEO1,0.007704953627593872
SCT_ADCYAP1R1,0.0
SCT_VIPR1,0.0
SCT_ADRB3,0.0
SCT_GPR84,0.0
FGF20_FGFR3,0.012742330717453988
FGF20_FGFR2,0.3038555786469804
DLL3_NOTCH2,0.0116504854368932
DLL3_NOTCH3,0.003805949316045782
VCL_ITGB5,0.9992012779552716
EFNA2_EPHA7,0.00012717516051986497
EFNA2_EPHA10,0.003883495145631
EFNA2_EPHA3,0.0029591488569744202
EFNA2_EPHA6,3.722199820093605e-05
EFNA2_EPHA4,0.00342132200130271
EFNA2_EPHA2,0.003380998169918363
MADCAM1_ITGA4,0.004927262011849002
MADCAM1_ITGB7,0.0035314370793138737
TCN2_CNR1,0.0022240143925059707
LGALS1_PTPRC,0.6512112658581222
NID2_COL13A1,0.0004885387263872946
RSPO4_LGR4,0.0
RSPO4_LGR5,0.0
OXT_AVPR1A,0.0017695958311361706
OXT_OXTR,0.0007320326312850767
TIMP1_FGFR2,0.9731071062998232
MMP2_PECAM1,0.6455690312974969
MMP2_SDC2,0.5732652997921772
CCL17_CCR4,0.0012779552715654894
CCL17_CCR8,0.00021712832283879666
DKK4_LRP6,0.0
LHB_LHCGR,0.009134898725146527
LHB_VIPR1,0.0062501938645739335
LHB_ADCYAP1R1,0.007692546294860231
LHB_GPR84,0.13750426502062715
LHB_ADRB3,0.009134898725146527
AMH_EGFR,0.0
AMH_ACVR1,0.0
AMH_AMHR2,0.0
COMP_CD36,0.7982179968361302
COMP_ITGB3,0.8252427184466019
LAMB1_ITGA7,0.9750302428735381
LAMB1_ITGA2,0.9821070752814912
LAMB1_ITGA3,0.9742439281615434
WNT16_FZD6,0.28326871180867896
PDAP1_PDGFRB,0.3618210862619808
C5_GRM7,0.0034988678308880495
C5_C5AR2,0.058606036167374906
C5_C5AR1,0.2927386085176339
WNT3_RYK,0.011594652439591796
WNT3_ROR2,0.00021402648965538517
WNT3_FZD5,0.010440770495362756
WNT3_LRP6,0.011622568938242499
CCL2_CCR4,0.0006389776357827365
CCL2_CCR1,0.0024752628803622508
CCL2_CCR10,0.0035578026613728095
CCL2_CCR3,3.722199820093605e-05
COL1A1_CD93,0.08882099320698532
COL1A1_DDR2,0.2233009708737864
COL1A1_ITGA11,0.07455256056329289
COL1A1_ITGA2,0.22276590464964793
COL1A1_CD36,0.21598839914389403
COL1A1_DDR1,0.22294426005769408
EFNB3_RHBDL2,0.0019355439064486773
EFNB3_EPHA4,0.001710661000651355
EFNB3_EPHB2,0.0005180061416296941
EFNB3_EPHB6,0.0004792332268370522
VTN_ITGB5,0.0
VTN_ITGA8,0.0
VTN_CD47,0.0
VTN_KDR,0.0
VTN_ITGA2B,0.0
VTN_TNFRSF11B,0.0
VTN_ITGB8,0.0
VTN_ITGB6,0.0
VTN_ITGB3,0.0
VTN_ITGA3,0.0
CXCL6_CXCR2,0.0
CXCL6_GRM7,0.0
IL2_IL2RG,0.002106144731536301
IL2_CD53,0.001957256738732557
APOC3_LDLR,0.003880393312447589
APOC3_SDC2,0.0034430348335865897
APOC3_LRP1,0.003883495145631
KITLG_KIT,0.0033685908371847172
CLEC2B_KLRF1,0.2864232761562083
IL23A_IL12RB1,0.0271844660194174
IL23A_IL12RB2,0.02714104035484964
FGF6_FGFR2,0.0
FGF6_FGFR3,0.0
IL26_IL10RB,0.03104314649958121
IL26_IL20RA,0.0003722199820093665
IFNG_IFNGR2,0.0310679611650485
IFNG_IFNGR1,0.0310679611650485
GNB3_GABBR2,0.0001674989919042124
ULBP1_KLRK1,0.4592651757188498
LAMA4_ITGA3,0.9876950277614069
HBEGF_CD82,0.0077669902912621
HBEGF_ERBB2,0.007742175625794809
HBEGF_EGFR,0.0036539594900586074
HBEGF_ERBB4,0.0016811935854089686
HBEGF_CD9,0.0077607866248952774
LTF_LRP1,0.9359223300970874
TFPI_LRP1,0.9980582524271844
TFPI_F3,0.9972610812990477
WNT6_FZD4,0.0
ANGPTL1_TEK,0.042820807096994325
TGFB3_ITGB6,0.019231365737150608
TGFB3_ITGB3,0.6019417475728155
TGFB3_TGFBR2,0.5995378268556717
TGFB3_ITGB5,0.6014609634293867
IFNA7_IFNAR2,0.0
IFNA7_IFNAR1,0.0
IAPP_RAMP1,0.9616613418530352
IAPP_CALCR,0.0127795527156549
IAPP_GPR84,0.2284345047923322
IAPP_ADRB3,0.0151757188498402
IAPP_ADCYAP1R1,0.0127795527156549
IAPP_VIPR1,0.0103833865814696
TNFSF10_TNFRSF11B,0.6741214057507987
TNFSF10_TNFRSF10B,0.9992012779552716
TNFSF10_TNFRSF10D,0.3538338658146965
TNFSF10_RIPK1,0.9992012779552716
EREG_ERBB3,1.0
EREG_ERBB4,0.2164536741214057
EREG_EGFR,0.4704472843450479
EREG_ERBB2,0.9968051118210862
EFNB2_EPHB2,0.0025900307081484965
EFNB2_EPHA4,0.008553305003256864
EFNB2_EPHA6,9.305499550234108e-05
EFNB2_EPHA3,0.007397872142436126
EFNB2_EPHB6,0.0023961661341852856
EFNB2_PECAM1,0.009693228698160543
EFNB2_RHBDL2,0.009677719532243485
EFNB2_GRM1,0.000697912466267559
BMP4_BMPR1A,0.00765532429665929
BMP4_LRP6,0.007748379292161632
PSPN_GFRA3,0.002230218058872755
PSPN_SDC3,0.003883495145631
PSPN_GFRA4,0.0
TNFSF9_TNFRSF9,0.995320884642824
C3_CD46,0.0097087378640776
C3_ITGAX,0.009367536213902348
C3_CR1,0.008499022922547164
C3_ITGAM,0.0014113340984521741
C3_C5AR2,0.0015586711746642151
C3_LRP1,0.0097087378640776
C3_GRM7,9.305499550234108e-05
C3_ITGB2,0.005335153075467563
VASP_CXCR2,0.7715654952076677
DLL4_NOTCH3,0.12496200254350322
DLL4_NOTCH2,0.3825242718446602
TPH1_HTR7,0.0001473370762120397
TPH1_HTR1A,2.326374887558527e-05
TPH1_HTR1D,0.008708396662427433
TPH1_HTR2C,0.0030863240174943164
TPH1_HTR2B,0.004831105183163214
TPH1_HTR4,3.101833183411337e-05
TPH1_HTR6,7.754582958528098e-06
APOE_SORL1,0.032862371661652026
APOE_SCARB1,0.0407766990291262
APOE_LRP4,0.024524644064642196
APOE_LDLR,0.04074412978070038
APOE_LRP8,0.03765005118024752
APOE_LRP6,0.04067899128384874
APOE_SDC2,0.036151865752659815
APOE_LRP1,0.0407766990291262
NCAN_SDC3,0.0135922330097087
BST2_LILRA4,0.0183706070287539
F12_CD93,0.0015447129253388482
F12_GP1BA,0.0008530041254381187
CRP_CR1,0.0016998045845094156
TSHB_VIPR1,0.0
TSHB_ADCYAP1R1,0.0
TSHB_GPR84,0.0
TSHB_ADRB3,0.0
DSC1_DSG3,0.9952076677316294
LACRT_SDC1,0.0
GDF11_BMPR1A,0.9856230031948882
GDF11_ACVR1B,0.9321086261980832
GDF11_ACVR2B,0.992811501597444
IL1RN_IL1R1,0.00930549955023412
IL36A_IL36RN,2.016191569217363e-05
CCL21_GRM7,0.00889605757002387
CCL21_CCR7,0.14307825925121742
MMP7_CD151,0.0019417475728155
MMP7_SDC1,0.0010329104500759769
MMP7_ERBB4,0.0004202983963522367
THBS1_ITGA4,0.7440165637891994
THBS1_LRP1,0.8796116504854369
THBS1_SDC1,0.46790843388442566
THBS1_ITGB3,0.8796116504854369
THBS1_CD36,0.8508064766276869
THBS1_SCARB1,0.8796116504854369
THBS1_ITGA2B,0.13559508669623743
THBS1_TNFRSF11B,0.5929650423400229
THBS1_CD47,0.8796116504854369
THBS1_ITGA3,0.870478302676882
MSTN_ACVR2B,0.0
VWF_LRP1,0.0174757281553398
VWF_ITGB3,0.0174757281553398
VWF_GP1BA,0.0038385185644715996
VWF_ITGA2B,0.002693942119792796
VWF_TNFRSF11B,0.011780762430596479
VWF_SELP,0.00022333198920561952
VWF_SCARA5,0.005541424982164457
VWF_STAB2,0.0031685225968547392
VWF_SIRPA,0.0174757281553398
CDH1_KLRG1,0.922523961661342
CDH1_ITGAE,1.0
CDH1_PTPRM,1.0
CDH1_ERBB3,1.0
CDH1_ITGB7,0.6062300319488818
CDH1_EGFR,0.4704472843450479
TIMP2_ITGA3,0.00960792828561673
IL1A_IL1R1,0.0018610999100468052
IL1B_IL1R1,0.45410837805142834
IL1B_SIGIRR,0.47302956047023786
IL7_IL7R,0.35653711343403954
IL7_IL2RG,0.5391730512733025
CKLF_CCR4,0.1645367412140575
CKLF_LRP6,0.9976038338658147
FARP2_PLXNA1,0.9980582524271844
FARP2_PLXNA3,0.77006730978008
LAMC2_CD151,1.0
LAMC2_ITGA2,0.9976038338658147
LAMC2_COL17A1,0.0103833865814696
LAMC2_ITGA3,0.9896166134185304
NID1_ITGA3,0.45733738639535965
NID1_ITGB3,0.4621359223300971
NID1_COL13A1,0.012919135208908462
NMU_GRM7,1.8610999100468024e-05
NMU_NMUR1,0.001913831074164798
NMU_NMUR2,2.326374887558503e-05
FGF2_SDC3,0.7689320388349514
FGF2_SDC2,0.6817208970501566
FGF2_SDC1,0.40903253823009394
FGF2_FGFR3,0.031936474456403664
FGF2_FGFR2,0.7615620831911659
FGF2_GPC4,0.508526939421198
FGF10_FGFR2,0.001923136573715032
OLFM2_ROBO2,0.001423741431185806
F13A1_ITGA9,0.005707373057476928
F13A1_ITGA4,0.008212103353081613
KNG1_ITGAM,0.0064921368528800365
KNG1_SDC2,0.0395949005862464
KNG1_CD93,0.017764198641397035
KNG1_GP1BA,0.009809547442538518
KNG1_GRM7,0.00042805297931077126
KNG1_ITGB2,0.024541704147150924
KNG1_BDKRB1,0.010522969074723143
KNG1_RXFP4,0.00017835540804615174
EGF_FSHR,0.0287539936102236
EGF_AXL,1.0
EGF_EGFR,0.4704472843450479
EGF_ERBB4,0.2164536741214057
EGF_ERBB2,0.9968051118210862
EGF_RHBDL2,0.9968051118210862
EGF_LDLR,0.9992012779552716
EGF_ERBB3,1.0
WNT2_FZD4,0.5690499084959211
WNT2_FZD2,0.5681379695399982
WNT2_LRP6,0.5695058779738826
WNT2_FZD5,0.5115977542727752
WNT2_FZD3,0.5695058779738826
WNT2_FZD9,0.25625484661434905
NPTX2_NPTXR,0.0018952200750643297
GAL_GALR1,2.326374887558503e-05
GAL_GALR3,0.0
GAL_GRM7,1.8610999100468024e-05
ADAM2_ITGB7,0.0035314370793138737
ADAM2_CD9,0.0058205899686714834
ADAM2_ITGA9,0.0034244238344861805
ADAM28_ITGA4,0.8458466453674122
INHBE_ACVR2B,0.992811501597444
DHH_PTCH1,0.0
DHH_BOC,0.0
DHH_CDON,0.0
DHH_PTCH2,0.0
NPFF_NPFFR1,2.481466546729076e-05
NPFF_NPFFR2,0.007729768293061164
FGF7_FGFR2,0.8384875461397686
FGF7_FGFR3,0.03516238096715151
MFGE8_PDGFRB,0.007728217376469466
MFGE8_ITGB3,0.0213592233009708
CGN_F11R,0.003883495145631
CGN_TGFBR2,0.0038679859797139432
REN_ATP6AP2,0.0
GDF7_BMPR1A,0.001913831074164798
CALM2_SELL,0.6661341853035144
CALM2_EGFR,0.4704472843450479
CALM2_GRM7,0.0095846645367412
CALM2_TRPC5,0.0103833865814696
CALM2_CACNA1C,0.3506389776357827
CALM2_KCNQ3,0.0511182108626198
CALM2_MYLK,0.987220447284345
CALM2_PDE1A,0.3338658146964856
CALM2_PDE1C,0.1389776357827476
CALM2_GP6,0.9584664536741214
CALM2_AQP6,0.9984025559105432
CALM2_SCN10A,0.0047923322683706
CALM2_AQP1,0.5926517571884984
CALM2_SCN4A,0.0127795527156549
NXPH2_NRXN1,0.0009460591209404592
UCN2_IL10RB,0.0
UCN2_CRHR2,0.0
UCN2_CRHR1,0.0
SFRP2_FZD5,0.0017401284158937629
IL9_IL2RG,0.0
IL9_IL9R,0.0
FGF18_FGFR3,0.0
FGF18_FGFR2,0.0
LIN7C_HTR2C,0.3178913738019169
LIN7C_KCNJ4,0.0015974440894568
SERPING1_SELP,0.0002729613201402008
SERPING1_SELE,0.0001876609075963871
GPHA2_EPHA6,1.8610999100468024e-05
IL18_IL18R1,0.2348242811501597
IL18_IL18BP,0.9536741214057508
IL18_IL18RAP,0.1853035143769968
PTH_LRP6,0.0
PTH_ADRB3,0.0
PTH_GPR84,0.0
PTH_ADCYAP1R1,0.0
PTH_VIPR1,0.0
BMP3_ACVR2B,0.9793169763330127
BMP3_BMPR1A,0.9722261856757343
WNT3A_LGR5,5.1180247526287554e-05
WNT3A_LRP1,0.0058252427184466
WNT3A_LRP6,0.0058112844691212496
WNT3A_FZD6,0.0058205899686714834
WNT3A_FZD2,0.005797326219795898
WNT3A_FZD5,0.005220385247681378
WNT3A_RYK,0.005797326219795898
WNT3A_ATP6AP2,0.0058252427184466
WNT3A_FZD3,0.0058112844691212496
APP_FPR2,0.2444089456869009
APP_RPSA,1.0
APP_TNFRSF21,1.0
APP_AGER,0.4249201277955272
APP_PTGER2,0.2595846645367412
APP_APLP2,1.0
APP_LRP6,0.9976038338658147
APP_SORL1,0.8059105431309904
APP_LRP1,1.0
APP_NOTCH2,1.0
APP_GRM7,0.0095846645367412
APP_DCC,0.0255591054313099
WNT7A_LDLR,0.0019401966562237944
WNT7A_LRP6,0.0019370948230403831
WNT7A_FZD5,0.0017401284158937629
WNT7A_FZD10,0.0
WNT7A_FZD9,0.0008716151245385871
DKK2_LRP6,0.0058112844691212496
WIF1_RYK,0.001932442073265266
CXCL13_CXCR5,0.00233568038710878
CXCL13_CCR10,0.010673407984118612
CXCL13_GRM7,0.00011166599460281006
GDF6_BMPR1A,0.6066844505102515
NODAL_ACVR1B,0.007239678650082166
NODAL_ACVR2B,0.007711157293960695
NODAL_SMAD3,0.007661527963026112
NODAL_ACVR1C,0.0033127578398833555
SST_SSTR2,0.0019246874903067377
SST_SSTR3,1.550916591705604e-06
SST_GRM7,1.8610999100468024e-05
CALM3_AR,0.3666134185303514
CALM3_SCN4A,0.0127795527156549
CALM3_AQP1,0.5926517571884984
CALM3_AQP6,0.9984025559105432
CALM3_GP6,0.9584664536741214
CALM3_SCN10A,0.0047923322683706
CALM3_PDE1C,0.1389776357827476
CALM3_PDE1A,0.3338658146964856
CALM3_KCNQ3,0.0511182108626198
CALM3_MYLK,0.987220447284345
CALM3_CACNA1C,0.3506389776357827
CALM3_TRPC5,0.0103833865814696
CALM3_SELL,0.6661341853035144
CALM3_GRM7,0.0095846645367412
CALM3_EGFR,0.4704472843450479
TFF1_FCRL4,0.00010701324482769113
S100A1_AGER,0.30115698377741246
S100A1_TRPM3,0.5887279382114831
S100A1_RYR1,0.1556732528924594
S100A1_TLR4,0.40531654207636714
SCGB3A1_NOTCH3,0.19854368932038835
SCGB3A1_MARCO,0.02766990291262132
HCRT_HCRTR1,1.550916591705604e-06
HCRT_NPFFR2,0.001932442073265266
SHANK1_SSTR2,0.0019246874903067377
WNT1_FZD9,0.0017432302490771742
WNT1_FZD3,0.0038741896460807662
WNT1_ROR2,7.13421632184605e-05
WNT1_RYK,0.003864884146530532
WNT1_FZD5,0.0034802568317875257
WNT1_LRP6,0.0038741896460807662
NTN3_NEO1,0.0019262384068984434
NTN3_CDON,0.001927789323490149
FGF19_KLB,0.0019401966562237944
FGF19_FGFR2,0.001923136573715032
FGF19_FGFR3,8.064766276869472e-05
DRAXIN_DCC,9.925866186916293e-05
ARPC5_LDLR,0.9992012779552716
TGFA_ERBB3,0.0213592233009708
TGFA_ERBB2,0.02129098297093575
TGFA_EGFR,0.010048388597661183
TGFA_ERBB4,0.004623282359874669
COL6A3_ITGA2,0.5966252054964485
CXCL3_CXCR2,0.0
CXCL3_GRM7,0.0
CXCL5_GRM7,1.8610999100468024e-05
CXCL5_CXCR2,0.0014981854275876781
PPBP_CXCR2,0.0014981854275876781
PPBP_GRM7,1.8610999100468024e-05
PF4_GRM7,0.0
PF4_FGFR2,0.0
PF4_LRP1,0.0
PF4_LDLR,0.0
PF4_THBD,0.0
PF4_SDC2,0.0
PF4_PROCR,0.0
UCN_CRHR2,0.00014268432643692284
UCN_CRHR1,0.0008499022922547184
LIPH_LPAR1,0.0038338658146964675
LIPH_LPAR2,0.0064145910232947375
CAMP_EGFR,0.009134898725146542
CAMP_FPR2,0.004745804770619425
IL15_IL15RA,0.4057694097211451
IL15_IL2RG,0.5391730512733025
SCGB3A2_MARCO,0.0
IL3_CSF2RB,0.0032755358416824225
IL3_IL3RA,0.0009724247029994679
COL1A2_ITGA2B,0.0020952883153943914
COL1A2_ITGA2,0.01355966376128288
COL1A2_CD93,0.005406495238686048
COL1A2_ITGA11,0.004537981947330859
COL1A2_ITGB3,0.0135922330097087
COL1A2_CD36,0.013147119947889165
DEFB1_CCR6,0.0
ARF6_SMAP1,0.9992012779552716
JAM3_ITGB2,0.5068395421694223
HSP90B1_LRP1,1.0
HSP90B1_ERBB2,0.9968051118210862
HSP90B1_TLR4,0.5718849840255591
HSP90B1_ASGR1,0.0135782747603833
HSP90B1_TLR9,0.0359424920127795
COL6A2_ITGA2,0.0019370948230403831
ANGPTL4_GPIHBP1,6.203666366822496e-06
ANGPTL4_TIE1,0.00177424858091131
FADD_FAS,0.8842923167592048
DEFB4A_TLR4,0.0
CD14_TLR4,0.011104562796612776
CD14_TLR6,0.019262384068984728
CD14_RIPK1,0.01940196656223824
CD14_ITGB2,0.010670306150935182
CD14_ITGA4,0.01642420670616331
CD14_TLR9,0.0006979124662675616
COL3A1_DDR2,0.0097087378640776
COL3A1_DDR1,0.009693228698160543
COL3A1_ITGA2,0.009685474115202014
NLGN2_MDGA1,0.0
NLGN2_NRXN1,0.0
NLGN2_NRXN2,0.0
BMP1_BMPR1A,0.017224479667483476
FGB_ITGA2B,0.1541533546325878
FGB_TLR4,0.5718849840255591
FGB_ITGAM,0.145367412140575
FGB_ITGB3,1.0
FGB_ITGB2,0.549520766773163
FGA_ITGB2,0.004268122460374062
FGA_ITGAD,9.925866186916381e-05
FGA_ITGB3,0.0077669902912621
FGA_ITGAM,0.0011290672787617423
FGA_TLR4,0.004441825118645099
FGA_ITGA2B,0.001197307608796793
FGA_ITGAX,0.007494028971121897
FGA_CDH5,0.0005459226402804029
CXCL11_GRM7,0.009007723564626681
CXCL11_CCR3,0.009007723564626681
CXCL11_DPP4,0.2769874996122708
PRND_RPSA,1.0
NPTX1_NPTXR,0.0
CCL19_CCR10,0.0035578026613728095
CCL19_GRM7,3.722199820093605e-05
CCL19_CCR7,0.0005986538043983888
CCL19_CCRL2,0.0014206395980023946
PLG_F2R,0.1029126213592233
PLG_FLT1,0.1026660256211421
PLG_F2RL1,0.09329538757405627
PLG_ITGA9,0.060498154409255864
PLG_ITGB2,0.056552622599956574
PLG_ITGAM,0.014960141443593155
PLG_F3,0.1028304227798629
CSHL1_GHR,0.0
LPL_GPIHBP1,1.0856416141939387e-05
LPL_LRP1,0.0135922330097087
LPL_SDC1,0.007230373150531944
EFEMP2_PLSCR4,0.0019076274077979751
EFEMP2_AQP1,0.001150780111045608
VEGFB_FLT1,0.9588619374050064
GH1_GHR,0.005573994230590277
GNAI2_C5AR1,0.8019169329073482
GNAI2_LHCGR,0.0151757188498402
GNAI2_CNR1,0.3817891373801917
GNAI2_CXCR2,0.7715654952076677
GNAI2_EGFR,0.4704472843450479
GNAI2_LPAR3,0.3961661341853035
GNAI2_ADORA1,0.3490415335463259
GNAI2_ADRA2B,0.005591054313099
GNAI2_FPR1,0.2332268370607028
GNAI2_TBXA2R,0.9984025559105432
GNAI2_EDNRB,1.0
GNAI2_ADCY7,0.8067092651757188
GNAI2_F2R,1.0
GNAI2_ADCY9,0.8642172523961661
GNAI2_S1PR4,0.1573482428115016
GNAI2_S1PR1,0.3394568690095846
GNAI2_CHRM1,0.0223642172523961
TLN1_ITGB3,1.0
TLN1_ITGB5,0.9992012779552716
TAC1_TACR1,0.0001426843264369216
TAC1_TACR2,0.0007599491299357787
LPA_LPAR3,0.007692546294860246
LPA_LPAR2,0.016036477558236884
LPA_LPAR1,0.009584664536741195
LPA_ITGB2,0.010670306150935182
LPA_ITGAM,0.002822668196904363
MMP1_ITGA2,0.0019370948230403831
LAMA3_ITGA3,0.01921585657123356
LAMA3_SDC2,0.017215174167933212
SEMA6D_KDR,0.012035112751636198
SEMA6D_PLXNA1,0.0310679611650485
WNT11_MUSK,4.652749775117006e-05
WNT11_KLRG2,1.550916591705604e-06
PSEN1_NOTCH3,0.3266773162939297
PSEN1_NOTCH2,1.0
BGN_LY96,0.03293061199168701
BGN_TLR4,0.01887775675424171
IZUMO1_CD9,0.0
JAG2_NOTCH2,0.0077669902912621
JAG2_NOTCH3,0.00253729954403051
NXPH3_NRXN2,0.00011631874437792695
NXPH3_NRXN1,0.0014190886814107132
CNTN2_CNTN1,0.019169329073482424
CALCA_ADRB3,2.946741524240764e-05
CALCA_GPR84,0.0004435621452278218
CALCA_ADCYAP1R1,2.4814665467290634e-05
CALCA_VIPR1,2.016191569217363e-05
CALCA_CALCR,2.4814665467290634e-05
CALCA_RAMP1,0.001867303576413628
CALCA_CALCRL,0.00050870064207946
SLIT3_ROBO2,0.03844101864201742
SLIT3_ROBO1,0.0524271844660194
GH2_GHR,0.0
FGF3_FGFR2,0.003846273147430064
FGF3_FGFR3,0.00016129532553738944
GHRL_TBXA2R,0.7929061075095382
GHRL_PTGER3,0.1763423183101213
GHRL_GHRHR,0.0019029746580228888
GHRL_PTGIR,0.0006343248860076031
FGG_ITGB3,0.003883495145631
FGG_TLR4,0.002220912559322521
FGG_ITGA2B,0.0005986538043983888
FGG_ITGB2,0.0021340612301870036
CXCL14_CXCR4,0.00261174354043235
EDN3_KEL,0.0
EDN3_EDNRB,0.0
RTN4_TNFRSF19,0.9992012779552716
RTN4_RTN4RL1,0.0654952076677316
NTN4_DCC,0.00014888799280374695
NTN4_UNC5A,4.652749775116892e-06
WNT7B_FZD4,0.9968051118210862
WNT7B_FZD10,0.0
WNT7B_TMED5,1.0
ICAM4_RHAG,0.0007987220447284
ICAM4_ITGA4,0.8458466453674122
ICAM4_ITGB2,0.549520766773163
ICAM4_ITGAM,0.145367412140575
ICAM4_ITGB3,1.0
ICAM4_ITGA2B,0.1541533546325878
HMGB1_TLR9,0.0359424920127795
HMGB1_CD163,0.0279552715654952
HMGB1_AGER,0.4249201277955272
HMGB1_CXCR4,0.6725239616613419
HMGB1_SDC1,0.5319488817891374
HMGB1_THBD,0.8642172523961661
HMGB1_TLR4,0.5718849840255591
COL18A1_ITGB5,0.8187629889264556
COL18A1_ITGB3,0.8194174757281554
COL18A1_KDR,0.3174260988244052
COL18A1_ITGA3,0.8109091473060579
COL18A1_GPC4,0.5419150718074383
HP_CD22,0.0034926641645212156
HP_ASGR2,6.203666366822496e-06
HP_CD163,0.00021712832283879666
HP_TLR4,0.004441825118645099
HP_ITGAM,0.0011290672787617423
HP_ASGR1,0.0001054623282359863
HP_ITGB2,0.004268122460374062
RSPO1_LGR4,0.002531095877663655
RSPO1_LGR5,3.412016501752445e-05
RSPO1_LRP6,0.0038741896460807662
RSPO1_ZNRF3,0.003883495145631
ADAM15_ITGB3,0.7864077669902912
ADAM15_ITGA9,0.4622972176556345
APOA4_LDLR,0.0019401966562237944
APOA4_LRP1,0.0019417475728155
GAD1_GRM4,0.0
NLGN3_NRXN1,0.21144421353019632
NLGN3_NRXN2,0.017331492912311123
CCL20_CCR6,0.0
CCL20_GRM7,0.0
PYY_GRM7,0.009268277552033239
PYY_DPP4,0.2849995347250225
PYY_NPY5R,0.024715406805422002
PYY_NPY1R,0.1946338285926983
PYY_FAP,0.8982505660845559
PYY_NPY2R,0.0007723564626694043
F8_ASGR2,1.3958249325350675e-05
F8_LDLR,0.01746176990601445
F8_LRP1,0.0174757281553398
COL4A2_ITGB5,0.882789478581842
COL4A2_ITGB3,0.883495145631068
COL4A2_CD93,0.35142219051459417
CCL28_GRM7,0.0095846645367412
CCL28_CCR10,0.9161341853035144
CCL28_CCR3,0.0095846645367412
CXCL9_DPP4,0.0005722882223393926
CXCL9_CCR3,1.8610999100468024e-05
CXCL9_GRM7,1.8610999100468024e-05
CXCL9_FCGR2A,0.0019401966562237944
CNTF_CNTFR,9.305499550233783e-06
CNTF_EGFR,0.005480939235087935
THBS2_NOTCH3,0.07231303700486985
THBS2_ITGA4,0.18723595645026206
THBS2_CD47,0.2213592233009708
THBS2_ITGB3,0.2213592233009708
THBS2_CD36,0.21411023915133837
LEFTY2_ACVR2B,0.0
LEFTY2_ACVR1B,0.0
C4BPA_LRP1,0.0019417475728155
C4BPA_CD40,0.0015167964266881461
VIP_AVPR1A,0.0017695958311361706
VIP_ADRB3,2.946741524240764e-05
VIP_GPR84,0.0004435621452278218
VIP_VIPR1,2.016191569217363e-05
VIP_ADCYAP1R1,2.4814665467290634e-05
VIP_RAMP1,0.001867303576413628
VIP_DPP4,0.0005722882223393926
FASLG_FAS,0.0036167374918576255
FASLG_TNFRSF10B,0.003880393312447589
FASLG_TNFRSF1A,0.003883495145631
APOA2_LDLR,0.0019401966562237944
APOA2_LRP1,0.0019417475728155
SEMA4A_PLXNB2,0.9980582524271844
EFNA1_EPHA7,0.018313223114860878
EFNA1_EPHA10,0.5592233009708738
EFNA1_EPHA3,0.42611743540432395
EFNA1_EPHA4,0.4926703681875989
EFNA1_EPHA6,0.005359967740934885
EFNA1_EPHB6,0.13801916932907346
EFNA1_EPHA2,0.48686373646825276
ADAM12_ITGA9,0.4691460653246068
S100A8_TLR4,0.37644467880517385
S100A8_CD36,0.6366962374763485
S100A8_ITGB2,0.3617233785167034
S100A8_AGER,0.27970470548093923
NGF_KIDINS220,0.0019417475728155
NGF_NTRK1,1.240733273364522e-05
NGF_TRPV1,0.0019401966562237944
NGF_SORCS3,2.946741524240764e-05
NGF_SORT1,0.0019417475728155
WNT2B_FZD4,0.8942212847793045
COL11A1_ITGA2,0.06198703433729326
COL11A1_DDR1,0.06203666366822784
ITGB3BP_ITGB3,1.0
ITGB3BP_ITGB5,0.9992012779552716
ANGPTL3_ITGB3,0.003883495145631
RBP4_STRA6,0.004187474797605384
COL5A1_SDC3,0.0194174757281553
SFTPD_TLR4,0.0011104562796612604
SFTPD_SIRPA,0.0019417475728155
SFTPD_LY96,0.0019370948230403831
MMP9_TLR9,0.01849468035609042
MMP9_IFNAR1,0.5141521138993145
MMP9_ITGAM,0.07480070721796578
MMP9_LRP1,0.5145631067961165
MMP9_EPHB2,0.1372716275318713
MMP9_ITGB2,0.2827631129997829
EDN2_KEL,0.0
EDN2_EDNRB,0.0
ANGPTL2_TIE1,0.0022178107261391316
GHRH_GHRHR,0.0
GHRH_VIPR1,0.0
GHRH_ADCYAP1R1,0.0
GHRH_ADRB3,0.0
GHRH_GPR84,0.0
TNFSF15_TNFRSF25,0.4353035143769968
GDF5_ROR2,7.13421632184605e-05
GDF5_ACVR1,0.003812152982412539
GDF5_BMPR1A,0.003827662148329596
GDF5_ACVR2B,0.003855578646980298
EDA_EDAR,4.032383138434726e-05
EDA_EDA2R,0.0021619777288377053
F10_F3,0.0019401966562237944
F10_ITGAM,0.00028226681969043194
F10_ITGB2,0.0010670306150935018
SYK_LAT,0.7380191693290735
SYK_FCGR2A,0.9992012779552716
FGF14_FGFR2,0.003846273147430064
FGF14_FGFR3,0.00016129532553738944
HLA-C_LILRA1,0.0079872204472843
HLA-C_LILRB1,0.8362619808306709
HLA-C_CD3G,0.9936102236421726
HLA-C_KIR3DL1,0.0015974440894568
ANXA1_EGFR,0.2968842085672633
ANXA1_GRM7,0.006048574707652214
ANXA1_FPR1,0.1471819845528707
ANXA1_FPR2,0.15423865504513165
ACTR2_LDLR,0.9992012779552716
NDP_FZD4,0.01935543906448707
NDP_LGR4,0.01265547938831847
AGRN_LRP4,0.015181922516207053
AGRN_LRP1,0.0252427184466019
AGRN_ATP1A3,0.0002217810726139124
AGRN_MUSK,0.0006048574707652203
INSL3_ADRB3,0.00035360898290889777
INSL3_GPR84,0.005322745742733953
INSL3_ADCYAP1R1,0.0002977759856074927
INSL3_VIPR1,0.0002419429883060877
AVP_LDLR,0.0
AVP_VIPR1,0.0
AVP_ADCYAP1R1,0.0
AVP_GPR84,0.0
AVP_ADRB3,0.0
AVP_OXTR,0.0
AVP_AVPR1A,0.0
COL2A1_ITGA10,0.001913831074164798
COL2A1_DDR1,0.0019386457396320888
COL2A1_ITGA2B,0.0002993269021991944
COL2A1_ITGA2,0.0019370948230403831
RLN2_ADRB3,0.014851577282173711
RLN2_GPR84,0.2235553211948261
RLN2_ADCYAP1R1,0.012506591395514698
RLN2_VIPR1,0.010161605508855686
RLN2_RXFP3,0.007816619622196675
RPH3A_NRXN1,0.10737771022674399
LAMA1_RPSA,0.0116504854368932
LAMA1_ITGA3,0.011529513942740157
LAMA1_NT5E,0.005704271224293555
LAMA1_ITGA2,0.011622568938242499
LAMA1_ITGA7,0.01153881944229039
LAMA1_ITGB8,0.011641179937342967
LAMA1_SDC2,0.010329104500759946
CCL25_CCR10,0.0017789013306864047
CCL25_GRM7,1.8610999100468024e-05
LAMB3_ITGA2,0.0058112844691212496
LAMB3_CD151,0.0058252427184466
LAMB3_ITGA3,0.005764756971370078
LAMB3_COL17A1,6.048574707652192e-05
IL1F10_IL1R1,0.0018610999100468052
CCL8_CCR3,3.722199820093605e-05
CCL8_CCR1,0.0024752628803622508
COL4A6_CD93,0.0007723564626694241
COL4A6_ITGA2,0.0019370948230403831
COL4A6_CD47,0.0019417475728155
CCL26_CCR1,0.0012376314401811254
CCL26_CCR3,1.8610999100468024e-05
SPP1_ITGA4,0.024636310059245006
SPP1_ITGB5,0.029102949843357415
SPP1_ITGB3,0.029126213592233
SPP1_ITGA9,0.0171221191724309
LGALS9_MRC2,0.4329073482428115
LGALS9_HAVCR2,0.9992012779552716
LGALS9_SLC1A5,1.0
LGALS9_CD47,1.0
ADM2_GPR84,0.2284345047923322
ADM2_ADRB3,0.0151757188498402
ADM2_VIPR1,0.0103833865814696
ADM2_ADCYAP1R1,0.0127795527156549
ADM2_CALCR,0.0127795527156549
ADM2_RAMP1,0.9616613418530352
ADM2_CALCRL,0.2619808306709265
CXCL12_CD4,0.006901578833090306
CXCL12_DPP4,0.002861441111696992
CXCL12_CCR4,0.0015974440894568575
CXCL12_GRM7,9.305499550234108e-05
CXCL12_CXCR4,0.006529358851080942
CXCL12_AVPR1A,0.008847979155680944
BMP7_ACVR1,0.981629392971246
BMP7_ACVR2B,0.992811501597444
BMP7_BMPR1A,0.9856230031948882
COL4A3_ITGA3,0.3593365178820683
COL4A3_CD47,0.3631067961165048
COL4A3_ITGB3,0.3631067961165048
COL4A3_CD93,0.14443065851918482
COL4A3_ITGA2,0.36223673190855793
COL4A4_ITGA2,0.21501752535748622
COL4A4_CD93,0.08573156735630755
COL4A4_ITGB3,0.2155339805825242
COL4A4_CD47,0.2155339805825242
HLA-A_ERBB2,0.9968051118210862
HLA-A_KIR3DL1,0.0015974440894568
HLA-A_CD3G,0.9936102236421726
HLA-A_LILRA1,0.0079872204472843
HLA-A_APLP2,1.0
HLA-A_LILRB1,0.8362619808306709
HLA-A_KIR3DL2,0.0127795527156549
CNTN4_PTPRG,0.985892862681845
TCTN1_TMEM67,0.9984025559105432
PDCD1LG2_PDCD1,0.06467477279071931
TNFSF11_LGR4,0.005062191755327375
TNFSF11_TNFRSF11B,0.005235894413598412
TNFSF11_TNFRSF11A,0.0009677719532243504
DSCAM_DCC,0.0003970346474766568
FBLN2_ITGB3,0.0466019417475728
NXPH1_NRXN1,0.0004730295604702296
NXPH1_NRXN2,3.877291479264165e-05
SAA1_FPR2,0.0018983219082477653
SAA1_FPR1,0.0018114705791122464
SAA1_GRM7,7.444399640187306e-05
SAA1_SCARB1,0.0077669902912621
MDK_SORL1,0.7135829275101585
MDK_SDC3,0.8854368932038835
MDK_SDC1,0.4710071652346537
MDK_LRP1,0.8854368932038835
MDK_ITGA4,0.7489438258010485
TF_TFR2,0.003427525667669567
TF_HFE,0.0075917367163993365
TF_LDLR,0.00970098328111907
ARTN_GFRA3,0.0
PTPN6_CD300LF,0.06629392971246
PTPN6_FCRL4,0.0551118210862619
CLEC2A_KLRF2,1.550916591705604e-06
NTF3_NTRK1,0.0
NTF3_NTRK2,0.0
RLN3_RXFP3,6.203666366822728e-05
RLN3_RXFP4,3.1018331834113254e-05
RLN3_GRM7,7.444399640187306e-05
RLN3_VIPR1,8.064766276869555e-05
RLN3_ADCYAP1R1,9.925866186916381e-05
RLN3_GPR84,0.00177424858091131
RLN3_ADRB3,0.00011786966096963207
TNF_TNFRSF1B,0.9822637178572537
TNF_TNFRSF1A,0.9941747572815534
TNF_RIPK1,0.9933806879866001
TNF_TNFRSF21,0.9941747572815534
TNF_FAS,0.9258847979155682
TNF_PTPRS,0.9941747572815534
TNF_FFAR2,0.9933806879866001
TNF_ICOS,0.38671174664226554
LAMA2_ITGA7,0.028847048605725973
LAMA2_ITGA2,0.029056422345606247
LAMA2_ITGA3,0.02882378485685039
LAMA2_RPSA,0.029126213592233
HRAS_SDC2,0.008607587083966563
HRAS_GRIN2D,0.0027528769502775936
HRAS_TLR9,0.00034895623313377903
GDNF_EDNRB,1.0
GDNF_GFRA3,0.5742811501597445
HLA-G_KIR3DL1,0.0015974440894568
HLA-G_CD4,0.7108626198083067
HLA-G_LILRB1,0.8362619808306709
FSHB_ADCYAP1R1,7.444399640187318e-05
FSHB_VIPR1,6.048574707652192e-05
FSHB_ADRB3,8.840224572722444e-05
FSHB_GPR84,0.0013306864356834882
FSHB_FSHR,0.0001674989919042151
ADM_CALCRL,0.006104407704953625
ADM_RAMP1,0.02240764291696392
ADM_CALCR,0.0002977759856074927
ADM_ADCYAP1R1,0.0002977759856074927
ADM_VIPR1,0.0002419429883060877
ADM_GPR84,0.005322745742733953
ADM_ADRB3,0.00035360898290889777
PTHLH_ADRB3,2.946741524240764e-05
PTHLH_GPR84,0.0004435621452278218
PTHLH_VIPR1,2.016191569217363e-05
PTHLH_ADCYAP1R1,2.4814665467290634e-05
ADCYAP1_ADCYAP1R1,2.4814665467290634e-05
ADCYAP1_VIPR1,2.016191569217363e-05
ADCYAP1_GPR84,0.0004435621452278218
ADCYAP1_ADRB3,2.946741524240764e-05
ADCYAP1_DPP4,0.0005722882223393926
CGA_LHCGR,0.0009429572877570596
CGA_ADRB3,0.0009429572877570596
CGA_GPR84,0.014193988647290526
CGA_VIPR1,0.0006451813021495664
CGA_ADCYAP1R1,0.0007940692949533131
CGA_FSHR,0.001786655913644959
S100A10_CFTR,0.0199680511182108
SHANK2_CFTR,0.0003877291479264225
S100A4_ERBB2,0.9968051118210862
S100A4_EGFR,0.4704472843450479
TNFSF13B_CD40,0.05157107850739783
TNFSF13B_TNFRSF13B,0.024519991314867068
LTA_LTBR,1.0
LTA_RIPK1,0.9992012779552716
LTA_TNFRSF1A,1.0
LTA_TNFRSF1B,0.9880191693290736
NTF4_NTRK1,0.0
NTF4_NTRK2,0.0
FAM3C_GLRA2,0.0279552715654952
C1QB_C1QBP,0.0077669902912621
C1QB_LRP1,0.0077669902912621
GNRH2_GNRHR,0.0
IL22_IL10RA,0.0016036477558236636
IL22_IL22RA2,1.240733273364522e-05
IL22_IL21R,0.0037128943205433757
IL22_IL10RB,0.003880393312447589
IL10_IL10RB,0.9992012779552716
IL10_IL10RA,0.4129392971246006
CLEC2D_KLRB1,0.3698083067092652
PDYN_GRM7,5.583299730140503e-05
PODXL2_SELL,0.006467322187412715
CD34_SELL,0.00905425106237784
CD34_SELP,0.000173702658271037
MUC7_SELL,0.0
PODXL_SELL,0.34794193368280657
MICA_KLRK1,0.4592651757188498
RAET1L_KLRK1,0.0008917770402307607
ULBP2_KLRK1,0.0008917770402307607
RAET1G_KLRK1,0.008025993362076983
CD55_CR1,0.8753993610223643
GPC3_LRP1,0.0019417475728155
A2M_LRP1,0.9067961165048544
SERPINA1_LRP1,0.9572815533980582
SERPINE2_LRP1,0.858252427184466
MMP13_LRP1,0.0019417475728155
HPX_LRP1,0.0058252427184466
LIPC_LRP1,0.003883495145631
PSAP_LRP1,1.0
PSAP_SORT1,1.0
PSAP_GPR37,0.8873801916932907
PSAP_CD1B,0.0
PSAP_AR,0.3666134185303514
ASIP_MC4R,0.0022953565557243916
ASIP_MC5R,0.07666490896119602
ASIP_MC2R,0.4820248767021309
ASIP_F11R,0.574757281553398
ASIP_MC1R,0.5738391389311083
ASIP_ATRN,0.5742982102422531
ASIP_MC3R,0.01009956884518747
SFTPA2_CD93,0.19154440274202053
MBL2_CD93,0.0007723564626694241
MBL2_CALCR,2.4814665467290634e-05
C1QA_CR1,0.5048419615993053
C1QA_CD93,0.229389869412823
C1QA_CSPG4,0.5766990291262136
IGFL1_IGFLR1,0.005676354725642853
IGFL3_IGFLR1,0.03405812835385711
GSTP1_EGFR,0.4704472843450479
GALP_GALR3,0.0
GALP_GALR1,0.0
NTNG2_LRRC4,0.004454232451378744
NTNG2_LRRC4C,0.0016563789199416778
GUCA2B_GUCY2D,0.0
NMS_NMUR2,0.0
NMS_NMUR1,0.0
NMS_GRM7,0.0
VEGFC_FLT1,0.01937094823040413
VEGFC_CCBE1,0.019339929898570016
VEGFC_ITGA9,0.011414746114953914
VEGFC_KDR,0.00752194546977262
DSC3_DSG3,0.9952076677316294
PDGFA_PDGFRA,0.10154161109215545
PDGFA_PDGFRB,0.12365147802351188
FGF21_FGFR3,0.0
FGF21_FGFR2,0.0
FGF21_KLB,0.0
NMB_GRPR,0.003962591891808047
NMB_BRS3,0.0
B2M_HLA-F,1.0
B2M_CD1B,0.0
B2M_LILRB1,0.8362619808306709
B2M_CD247,0.3282747603833866
B2M_HFE,0.7819488817891374
B2M_KIR3DL1,0.0015974440894568
B2M_KLRC2,0.5431309904153354
B2M_CD3G,0.9936102236421726
EDIL3_ITGB5,0.09506963615496752
CP_SLC40A1,0.422544123577034
SOSTDC1_LRP6,0.0019370948230403831
DKK1_LRP6,0.6566751450107013
HSPA1A_GRIN2D,0.2763888458078724
HSPA1A_TLR4,0.5574490523899625
IL27_IL27RA,0.009390799962777934
PROS1_AXL,0.9786407766990292
PROS1_TYRO3,0.9762957908123702
INS_LILRB1,0.0
GREM1_KDR,0.0
NRG1_ERBB3,0.0097087378640776
NRG1_LGR4,0.006327739694159203
NRG1_ERBB2,0.009677719532243485
NRG1_EGFR,0.004567449362573248
NRG1_ERBB4,0.0021014919817612054
SLIT2_SDC1,0.005164552250379937
SLIT2_DCC,0.00024814665467290983
SLIT2_ROBO4,0.00010856416141939727
SLIT2_ROBO1,0.0097087378640776
SLIT2_ROBO2,0.007118707155929103
NPPA_NPR1,0.015819349235398097
PGF_FLT1,0.0038741896460807662
NCAM1_ROBO1,0.0815533980582524
NCAM1_CACNA1C,0.02859580011786965
NCAM1_FGFR2,0.08077173609603273
NRG3_ERBB3,0.0135922330097087
NRG3_ERBB4,0.0029420887744657
NRG3_ERBB2,0.01354880734514094
AREG_EGFR,0.06485778094854058
AREG_ERBB3,0.1378640776699029
NRG2_ERBB3,0.0019417475728155
NRG2_ERBB4,0.0004202983963522367
NRG2_ERBB2,0.0019355439064486773
SEMA4D_ERBB2,0.9968051118210862
SEMA4D_PLXNB2,1.0
IFNA14_IFNAR2,0.0
IFNA14_IFNAR1,0.0
IFNA10_IFNAR2,0.0019401966562237944
IFNA10_IFNAR1,0.0019401966562237944
IFNA8_IFNAR1,0.6771286330221161
IFNA8_IFNAR2,0.6771286330221161
IFNE_IFNAR2,0.0019401966562237944
IFNE_IFNAR1,0.0019401966562237944
IFNA21_IFNAR1,0.0019401966562237944
IFNA21_IFNAR2,0.0019401966562237944
IL24_IL20RA,0.0119808306709265
IL24_IL10RB,0.9992012779552716
PTPN11_FCRL4,0.0551118210862619
EFEMP1_EGFR,0.41746487173919783
FGL1_EGFR,0.0018269797450292803
ANG_EGFR,0.02283724681286638
CXCL2_DPP4,0.275842923167592
CXCL2_CXCR2,0.7221253760972735
CXCL2_GRM7,0.008970501566425744
CXCL2_XCR1,0.2317379571326654
CXCL1_GRM7,0.008728558578119655
CXCL1_CXCR2,0.7026489655386333
PPY_GRM7,0.0
PPY_NPY2R,0.0
PPY_NPY5R,0.0
PPY_NPY1R,0.0
IL25_IL17RB,0.0
IFNL3_IL10RB,0.003880393312447589
CCL3_CCR4,0.1635782747603834
CCL3_CCR1,0.6336672973727473
CCL3_CCR3,0.009528831539439795
FGF12_FGFR2,0.017308229163435582
FGF12_FGFR3,0.0007258289649182648
CGB5_LHCGR,0.009311703216600978
CCL15_CCR1,0.0
CCL15_CCR3,0.0
CCL23_CCR1,0.0037128943205434403
CCL18_CCR8,0.0002714104035484951
CCL18_CCR1,0.00618815720090569
CCL18_CCR3,9.305499550234108e-05
LTBP3_ITGB5,0.9933806879866001
MST1_MST1R,0.022306833338503033
CHAD_ITGA2,0.0038741896460807662
NUCB2_ERAP1,1.0
FAT4_DCHS1,0.01506095102205401
CD86_CD28,0.7891373801916933
ACE2_SLC6A19,3.412016501752465e-05
TSLP_IL7R,0.0
CER1_MRC2,0.40264586370544997
CD200_CD200R1,0.023961661341853
C4B_CR1,0.03739570085920775
C4B_CD46,0.0427184466019417
IL19_IL20RA,0.007351344644684998
EDN1_EDNRB,0.0077669902912621
EDN1_KEL,0.0038338658146964675
SEMA4B_DCBLD2,0.9992012779552716
PTMA_VIPR1,0.0103833865814696
TNFSF18_TNFRSF18,0.0
OBP2A_OR1G1,0.0
F7_F3,0.015521573249790555
RGMA_NEO1,0.0
RGMA_HFE,0.0
RGMA_TFR2,0.0
WNT5B_KLRG2,9.305499550233783e-06
CD5L_CD5,0.00047613139365364096
GSTO1_RYR1,0.2196485623003194
ANGPT4_TIE1,0.0004435621452278218
ANGPT4_TEK,8.530041254381191e-05
IRAK4_TLR6,0.9920127795527156
IRAK4_TLR4,0.5718849840255591
COLQ_MUSK,0.002931232358323764
QRFP_QRFPR,0.0
GDF10_ACVR1B,0.0
NID2_ITGB3,0.0174757281553398
NID2_ITGA2,0.017433853407363746
LAMB1_LRP1,0.9844660194174756
LAMB1_ITGB3,0.9844660194174756
C5_ITGA4,0.30877508607587084
C5_LRP1,0.3650485436893204
C5_ITGB3,0.3650485436893204
C5_LDLR,0.36475697137007973
C5_CALCR,0.00466515710785072
C5_TLR4,0.2087657805763206
C5_ASGR2,0.0002915723192406586
COL1A1_ITGB5,0.22312261546574025
COL1A1_ITGB3,0.2233009708737864
COL1A1_ITGB8,0.22312261546574025
COL1A1_CD47,0.2233009708737864
COL1A1_ITGA2B,0.03442259375290795
COL1A1_SDC3,0.2233009708737864
COL1A1_BCAM,0.1071916002357393
COL1A1_GPC4,0.14767827786221657
COL1A1_ITGA3,0.2209823505691864
COL1A1_ITGA10,0.22009057352895559
LAMA4_LRP1,0.9980582524271844
LAMA4_ITGB3,0.9980582524271844
LAMA4_ITGA2,0.9956667390427743
C3_ITGB3,0.0097087378640776
C3_TLR4,0.0055522813983063584
NCAN_ITGB3,0.0135922330097087
NCAN_ITGA2,0.01355966376128288
NCAN_CD93,0.005406495238686048
DSC1_LRP1,1.0
THBS1_ITGA2,0.8775039548373089
VWF_EGFR,0.008221408852631902
VWF_ITGA4,0.014781786035547003
VWF_SDC2,0.015493656751139919
VWF_ITGB6,0.0005583299730140497
VWF_ITGA8,0.0009072862061478323
VWF_CD46,0.0174757281553398
VWF_ROBO1,0.0174757281553398
VWF_ITGA9,0.01027327150345854
VWF_ROBO4,0.00019541549055491643
CDH1_LRP1,1.0
CDH1_ITGB3,1.0
FARP2_ITGB3,0.9980582524271844
LAMC2_ITGB3,1.0
NID1_ITGA2,0.46102856788361923
F13A1_LRP1,0.0097087378640776
F13A1_ITGB3,0.0097087378640776
EGF_LRP1,1.0
EGF_ITGB3,1.0
EGF_ITGA2,0.9976038338658147
SEMA3D_EGFR,0.011875368342690509
APP_EGFR,0.4704472843450479
SHANK1_ITGB3,0.0019417475728155
SHANK1_ITGA2,0.0019370948230403831
SHANK1_CD93,0.0007723564626694241
SHANK1_CD47,0.0019417475728155
SHANK1_ITGA3,0.0019215856571233264
COL6A3_ITGA4,0.505865566549831
COL6A3_LRP1,0.5980582524271845
COL6A3_ITGA3,0.5918483823939948
COL1A2_ITGB5,0.01358137659356676
COL1A2_ITGB8,0.01358137659356676
COL1A2_DDR2,0.0135922330097087
COL1A2_DDR1,0.01357052017742482
COL1A2_CD47,0.0135922330097087
COL1A2_GPC4,0.008989112565526201
COL1A2_ITGA3,0.013451099599863481
COL1A2_ITGA10,0.013396817519153783
HSP90B1_EGFR,0.4704472843450479
HSP90B1_ITGA4,0.8458466453674122
HSP90B1_LRP6,0.9976038338658147
HSP90B1_LDLR,0.9992012779552716
HSP90B1_PTPRD,0.0143769968051118
COL6A2_ITGB3,0.0019417475728155
COL6A2_CD93,0.0007723564626694241
COL6A2_CD47,0.0019417475728155
SEMA3E_ITGB3,0.9902912621359224
COL3A1_ITGB5,0.00970098328111907
COL3A1_ITGB3,0.0097087378640776
COL3A1_ITGB8,0.00970098328111907
COL3A1_CD36,0.009390799962777934
COL3A1_CD93,0.00386178231334716
COL3A1_ITGA11,0.0032414156766648852
COL3A1_CD47,0.0097087378640776
COL3A1_ITGA2B,0.0014966345109959872
COL3A1_GPC4,0.006420794689661544
COL3A1_ITGA3,0.00960792828561673
COL3A1_ITGA10,0.009569155370824088
NLGN2_ITGB3,0.0
BMP1_ITGB3,0.0174757281553398
BMP1_ITGA2,0.017433853407363746
FGA_LRP1,0.0077669902912621
FGA_ITGA2,0.007748379292161632
FGA_CD93,0.0030894258506777364
TLN1_EGFR,0.4704472843450479
TLN1_ITGB2,0.549520766773163
TLN1_DCC,0.0255591054313099
TLN1_ERBB2,0.9968051118210862
TLN1_ITGA4,0.8458466453674122
TLN1_ITGB7,0.6062300319488818
TLN1_LRP1,1.0
TLN1_SDC2,0.8865814696485623
TLN1_ASGR1,0.0135782747603833
TLN1_LRP6,0.9976038338658147
TLN1_C5AR2,0.1605431309904153
TLN1_C5AR1,0.8019169329073482
TLN1_LDLR,0.9992012779552716
TLN1_SELL,0.6661341853035144
TLN1_SELP,0.0127795527156549
TLN1_CALCR,0.0127795527156549
TLN1_TLR6,0.9920127795527156
TLN1_TLR4,0.5718849840255591
TLN1_LRP8,0.9233226837060704
TLN1_CD46,1.0
TLN1_CR1,0.8753993610223643
TLN1_PTPRD,0.0143769968051118
TLN1_ITGA9,0.5878594249201278
TLN1_ASGR2,0.0007987220447284
LPA_EGFR,0.009134898725146542
LPA_ITGB5,0.01940196656223824
LPA_ITGA4,0.01642420670616331
LPA_COL13A1,0.000542820807096993
LPA_LRP1,0.0194174757281553
LPA_SDC2,0.017215174167933212
LPA_TPO,9.305499550234155e-05
LPA_ITGB3,0.0194174757281553
LPA_ITGB6,0.0006203666366822765
LPA_ITGB8,0.01940196656223824
LPA_CD36,0.018781599925555965
LPA_SDC1,0.010329104500759927
LPA_ITGA7,0.019231365737150615
LPA_ITGA2,0.01937094823040413
LPA_CD93,0.007723564626694361
LPA_DDR2,0.0194174757281553
LPA_ITGA11,0.0064828313533298034
LPA_DDR1,0.019386457396321187
LPA_ITGA8,0.0010080957846087008
LPA_CD47,0.0194174757281553
LPA_ITGA2B,0.00299326902199199
LPA_TNFRSF11B,0.013089736033996064
LPA_SELP,0.00024814665467291015
LPA_LRP8,0.017928595800117835
LPA_BCAM,0.009321008716151226
LPA_SCARA5,0.0061571388690716084
LPA_STAB2,0.003520580663171927
LPA_RPSA,0.0194174757281553
LPA_PTPRS,0.0194174757281553
LPA_ATP1A3,0.00017060082508762488
LPA_ITGA3,0.01921585657123356
LPA_NT5E,0.009507118707155909
LPA_ITGA9,0.011414746114953914
LPA_DCHS1,0.011585346940041541
LPA_ROBO4,0.00021712832283879565
LPA_ITGA10,0.019138310741648276
LAMA3_LRP1,0.0194174757281553
LAMA3_ITGB3,0.0194174757281553
LAMA3_ITGB6,0.0006203666366822765
LAMA3_ITGA2,0.01937094823040413
LAMA3_TNFRSF11B,0.013089736033996064
LAMA3_NT5E,0.009507118707155909
LAMA3_ROBO4,0.00021712832283879565
SEMA6D_LRP1,0.0310679611650485
SEMA6D_ITGB3,0.0310679611650485
SEMA6D_ITGA2,0.03099351716864663
JAG2_ITGB3,0.0077669902912621
JAG2_ITGA2,0.007748379292161632
CNTN2_ITGB3,0.0233009708737864
CNTN2_ITGA2,0.023245137876484998
COL9A3_ITGB5,0.9274140016749899
COL9A3_ITGB3,0.9281553398058252
COL9A3_ITGB8,0.9274140016749899
COL9A3_CD36,0.897760476441577
COL9A3_ITGA2,0.9259313254133192
COL9A3_CD93,0.36918638915599117
COL9A3_DDR2,0.9281553398058252
COL9A3_ITGA11,0.30987933868916523
COL9A3_DDR1,0.9266726635441546
COL9A3_CD47,0.9281553398058252
COL9A3_ITGA2B,0.14307825925121742
COL9A3_SDC3,0.9281553398058252
COL9A3_GPC4,0.613827972331648
COL9A3_ITGA3,0.918517944104966
COL9A3_ITGA10,0.9148112534507894
COL18A1_COL13A1,0.022907038059493155
COL18A1_ITGB8,0.8187629889264556
COL18A1_CD36,0.7925835168584634
COL18A1_ITGA2,0.817454015323056
COL18A1_CD93,0.3259344272465027
COL18A1_DDR2,0.8194174757281554
COL18A1_ITGA11,0.27357548311051827
COL18A1_DDR1,0.8181085021247558
COL18A1_CD47,0.8194174757281554
COL18A1_ITGA2B,0.12631595272806226
COL18A1_SDC3,0.8194174757281554
COL18A1_BCAM,0.3933465678215825
COL18A1_SSTR2,0.8122181209094576
COL18A1_PTPRS,0.8194174757281554
COL18A1_ITGA10,0.8076367132975589
NLGN3_ITGB3,0.8679611650485437
F8_EGFR,0.008221408852631902
F8_ITGA4,0.014781786035547003
F8_ITGA2,0.017433853407363746
F8_C5AR1,0.014014082322652683
F8_SELP,0.00022333198920561952
F8_TLR6,0.017336145662086286
F8_TLR4,0.009994106516951514
F8_LRP8,0.01613573622010608
COL4A2_ITGB8,0.882789478581842
COL4A2_CD36,0.8545627966127982
COL4A2_ITGA2,0.8813781444833898
COL4A2_DDR2,0.883495145631068
COL4A2_ITGA11,0.2949688265765067
COL4A2_DDR1,0.8820838115326158
COL4A2_CD47,0.883495145631068
COL4A2_ITGA2B,0.13619374050063585
COL4A2_GPC4,0.5842923167592048
COL4A2_ITGA3,0.8743214739911288
COL4A2_ITGA10,0.8707931387449983
THBS2_LRP1,0.2213592233009708
THBS2_ITGA2,0.22082880982660746
ADAM12_ITGB3,0.7980582524271844
COL11A1_ITGB5,0.06208629299916242
COL11A1_COL13A1,0.0017370265827103789
COL11A1_ITGB3,0.062135922330097
COL11A1_ITGB8,0.06208629299916242
COL11A1_CD36,0.060101119761779134
COL11A1_CD93,0.02471540680542197
COL11A1_DDR2,0.062135922330097
COL11A1_ITGA11,0.020745060330655384
COL11A1_CD47,0.062135922330097
COL11A1_ITGA2B,0.009578460870374375
COL11A1_SDC3,0.062135922330097
COL11A1_BCAM,0.02982722789168394
COL11A1_GPC4,0.04109308601383412
COL11A1_ITGA3,0.06149074102794743
COL11A1_ITGA10,0.06124259437327452
COL5A1_ITGB5,0.01940196656223824
COL5A1_COL13A1,0.000542820807096993
COL5A1_ITGB3,0.0194174757281553
COL5A1_ITGB8,0.01940196656223824
COL5A1_CD36,0.018781599925555965
COL5A1_ITGA2,0.01937094823040413
COL5A1_CD93,0.007723564626694361
COL5A1_DDR2,0.0194174757281553
COL5A1_ITGA11,0.0064828313533298034
COL5A1_DDR1,0.019386457396321187
COL5A1_CD47,0.0194174757281553
COL5A1_ITGA2B,0.00299326902199199
COL5A1_BCAM,0.009321008716151226
COL5A1_GPC4,0.012841589379323155
COL5A1_ITGA3,0.01921585657123356
COL5A1_ITGA10,0.019138310741648276
SPTAN1_LRP1,1.0
SPTAN1_LDLR,0.9992012779552716
SPTAN1_TLR6,0.9920127795527156
SPTAN1_TLR4,0.5718849840255591
SPTAN1_LRP8,0.9233226837060704
AGRN_ITGB3,0.0252427184466019
AGRN_ITGA2,0.025182232699525377
COL2A1_ITGB5,0.0019401966562237944
COL2A1_ITGB3,0.0019417475728155
COL2A1_ITGB8,0.0019401966562237944
COL2A1_CD36,0.0018781599925555676
COL2A1_CD93,0.0007723564626694241
COL2A1_DDR2,0.0019417475728155
COL2A1_ITGA11,0.0006482831353329703
COL2A1_CD47,0.0019417475728155
COL2A1_GPC4,0.0012841589379322957
COL2A1_ITGA3,0.0019215856571233264
LAMA1_EGFR,0.005480939235087935
LAMA1_ITGA4,0.009854524023698004
LAMA1_LRP1,0.0116504854368932
LAMA1_ITGB3,0.0116504854368932
LAMA1_ITGB6,0.00037221998200936653
LAMA1_ITGA8,0.0006048574707652216
LAMA1_TNFRSF11B,0.007853841620397652
LAMA1_LRP8,0.01075715748007072
LAMA1_SCARA5,0.0036942833214429717
LAMA1_STAB2,0.0021123483979031596
LAMA1_ROBO1,0.0116504854368932
LAMA1_ITGA9,0.006848847668972361
LAMA1_ROBO4,0.00013027699370327762
LAMB3_ITGB3,0.0058252427184466
COL4A6_ITGB5,0.0019401966562237944
COL4A6_ITGB3,0.0019417475728155
COL4A6_ITGB8,0.0019401966562237944
COL4A6_CD36,0.0018781599925555676
COL4A6_DDR2,0.0019417475728155
COL4A6_ITGA11,0.0006482831353329703
COL4A6_DDR1,0.0019386457396320888
COL4A6_ITGA2B,0.0002993269021991944
COL4A6_GPC4,0.0012841589379322957
COL4A6_ITGA3,0.0019215856571233264
COL4A6_ITGA10,0.001913831074164798
COL4A3_ITGB5,0.36281677471385587
COL4A3_ITGB8,0.36281677471385587
COL4A3_CD36,0.35121591860789725
COL4A3_DDR2,0.3631067961165048
COL4A3_ITGA11,0.12122894630726756
COL4A3_DDR1,0.3625267533112069
COL4A3_ITGA2B,0.055974130711250326
COL4A3_GPC4,0.24013772139334347
COL4A3_ITGA10,0.35788641086882345
COL4A4_ITGB8,0.21536182884084487
COL4A4_CD36,0.2084757591736716
COL4A4_DDR2,0.2155339805825242
COL4A4_ITGA11,0.07195942802196095
COL4A4_DDR1,0.21518967709916556
COL4A4_ITGA2B,0.033225286144111146
COL4A4_ITGA3,0.2132960079406929
COL4A4_ITGA10,0.21243524923229623
CNTN4_LRP1,0.9922330097087378
CNTN4_ITGB3,0.9922330097087378
CNTN4_ITGA2,0.9898554545736531
DSCAM_ITGA4,0.013139365364930614
DSCAM_LRP1,0.0155339805825242
DSCAM_ITGB3,0.0155339805825242
DSCAM_ITGA2,0.015496758584323264
LAMA2_LRP1,0.029126213592233
LAMA2_ITGB3,0.029126213592233
LAMA2_ITGB6,0.0009305499550234163
SHANK2_ITGB3,0.0194174757281553
SHANK2_ITGA2,0.01937094823040413
SHANK2_SSTR2,0.019246874903067673
CPAMD8_LRP1,0.0077669902912621
CPAMD8_ITGB3,0.0077669902912621
CPAMD8_ITGA2,0.007748379292161632
CPAMD8_NRXN2,0.0001550916591705686
A2M_ITGA4,0.7670104531778281
A2M_ITGB3,0.9067961165048544
A2M_NRXN2,0.01810695120816397
A2M_ASGR2,0.0007242780483265297
DSC3_LRP1,1.0
DSC3_ITGB3,1.0
CP_LRP1,0.7689320388349514
CP_ITGB3,0.7689320388349514
CUBN_ITGA2,0.993729644219734
NRG2_ITGB3,0.0019417475728155
LTBP3_ITGB3,0.9941747572815534
LTBP3_ITGA2,0.9917925493966935
LTBP3_CD93,0.39544650888675204
ACE2_EGFR,0.0009134898725146401
C4B_LRP1,0.0427184466019417
C4B_ITGB3,0.0427184466019417
C4B_ITGA2,0.04261608610688913
COLQ_CD93,0.04865845714817456
SPTBN2_LRP1,0.0310679611650485
DSPP_EGFR,0.005480939235087935
DSPP_ITGA4,0.009854524023698004
DSPP_ITGA2,0.011622568938242499
DSPP_LDLR,0.011641179937342967
DSPP_SELL,0.007760786624895311
DSPP_SELP,0.00014888799280374636
DSPP_TLR6,0.011557430441390858
DSPP_LRP8,0.01075715748007072
DSPP_PTPRD,0.0001674989919042151
VIM_GRM7,0.0095846645367412
