precision:0.7423484054275983
recall:0.7143596233297353
acc:0.7330493815275013
f1:0.7279387465458627
AUC:0.7969079794279887
AUPR:0.8145375018366641

