precision:0.8404907010315756
recall:0.8230088495575222
acc:0.8333333333333333
f1:0.8316346288691928
AUC:0.8791841786966698
AUPR:0.8666903861477024

