precision:0.8054779147986088
recall:0.7616519174041299
acc:0.7887905604719764
f1:0.7828740171111555
AUC:0.8575599759835019
AUPR:0.8789838687146047


