precision:0.7520748695223771
recall:0.7063894988895919
acc:0.7367903404626664
f1:0.7285037133592713
AUC:0.8055208067349151
AUPR:0.8236088339769625


