precision:0.8184358590814341
recall:0.8365020285108127
acc:0.824286419691742
f1:0.8262841286217787
AUC:0.899139353697616
AUPR:0.8821601232575335
Matthews Correlation Coefficient:0.6504135932149563
