precision:0.7972350230414746
recall:0.8628428927680798
acc:0.821917808219178
f1:0.8287425149700599
AUC:0.8997251895137777
AUPR:0.8841808955509981
Matthews Correlation Coefficient:0.6460569879714392
