precision:0.8207547169811321
recall:0.8678304239401496
acc:0.8391521197007481
f1:0.8436363636363637
AUC:0.9002307199582092
AUPR:0.8757031881691576
Matthews Correlation Coefficient:0.6794227359075382
