precision:0.8732394366197183
recall:0.773067331670823
acc:0.830423940149626
f1:0.8201058201058201
AUC:0.9055167567365875
AUPR:0.8943112695242392
Matthews Correlation Coefficient:0.6652393581248209
