precision:0.7767220902612827
recall:0.8134328358208955
acc:0.7895392278953923
f1:0.7946537059538276
AUC:0.8757459584868674
AUPR:0.8580162597948859
Matthews Correlation Coefficient:0.5797025376162931
