precision:0.8242280285035629
recall:0.8653366583541147
acc:0.8403990024937655
f1:0.8442822384428222
AUC:0.914478143792638
AUPR:0.8985890032483856
Matthews Correlation Coefficient:0.68164634645469
