precision:0.7465019767683829
recall:0.7124447779620194
acc:0.7348650924932894
f1:0.728820863972594
AUC:0.8106942837026072
AUPR:0.8239373552352329


