precision:0.7314574382526798
recall:0.6704805151300852
acc:0.7118660385151692
f1:0.6994381104315157
AUC:0.7519818337309541
AUPR:0.7829236033549984

