precision:0.8195043062968619
recall:0.7555049354593775
acc:0.7945330296127562
f1:0.7861857124234765
AUC:0.8572446409288268
AUPR:0.8795841058963336


