precision:0.7442167247862963
recall:0.7252345045448493
acc:0.7383000381727954
f1:0.734274515473255
AUC:0.8144815190594026
AUPR:0.8337408093601681

