precision:0.8494110996709263
recall:0.8316130281647522
acc:0.8419464490211406
f1:0.8402656643916282
AUC:0.9160701116493541
AUPR:0.8965981133828536
Matthews Correlation Coefficient:0.6842773247757983
