precision:0.8229665071770335
recall:0.8472906403940886
acc:0.8325123152709359
f1:0.8349514563106796
AUC:0.9038953869300397
AUPR:0.8781990379699292
Matthews Correlation Coefficient:0.6653153022897556
