precision:0.8484848484848485
recall:0.8255528255528255
acc:0.8388683886838868
f1:0.8368617683686178
AUC:0.9255637186671669
AUPR:0.9136058697733951
Matthews Correlation Coefficient:0.6779952793374858
