precision:0.8683544303797468
recall:0.8448275862068966
acc:0.8585485854858549
f1:0.8564294631710362
AUC:0.9237845099914065
AUPR:0.8995059861741568
Matthews Correlation Coefficient:0.7173500354708391
