precision:0.8363636363636363
recall:0.7931034482758621
acc:0.8189655172413793
f1:0.8141592920353982
AUC:0.9031461573928026
AUPR:0.8749951859975713
Matthews Correlation Coefficient:0.6387861066232602
