precision:0.8708860759493671
recall:0.8472906403940886
acc:0.8608374384236454
f1:0.8589263420724095
AUC:0.9239607852653546
AUPR:0.9166844869992149
Matthews Correlation Coefficient:0.7219399001576503
