precision:0.8073696719758618
recall:0.7104024297646165
acc:0.7704631738800304
f1:0.7557141792142805
AUC:0.8252687679195428
AUPR:0.8506533693383711

