precision:0.8443193531006564
recall:0.783902809415338
acc:0.8189066059225512
f1:0.8120388866412627
AUC:0.9044741707788289
AUPR:0.891019952882637
Matthews Correlation Coefficient:0.6407153033684168
