precision:0.8588640275387264
recall:0.7577828397873956
acc:0.816628701594533
f1:0.8051633723275515
AUC:0.9019068440330265
AUPR:0.8855138759209197
Matthews Correlation Coefficient:0.6376892291270867
