precision:0.8174048174048174
recall:0.7987851176917237
acc:0.8101746393318148
f1:0.8079877112135178
AUC:0.894739603422103
AUPR:0.8793900359399431
Matthews Correlation Coefficient:0.6205102862342796
