precision:0.857773851590106
recall:0.7372817008352316
acc:0.8075170842824602
f1:0.7929767251939567
AUC:0.900084693532216
AUPR:0.8895760715706645
Matthews Correlation Coefficient:0.6211934089976634
