precision:0.8167770419426048
recall:0.8428246013667426
acc:0.826879271070615
f1:0.8295964125560538
AUC:0.9077267137468152
AUPR:0.894415638106552
Matthews Correlation Coefficient:0.6540912368003056
