precision:0.870777027027027
recall:0.782839787395596
acc:0.8333333333333334
f1:0.8244702119152338
AUC:0.9179129991599831
AUPR:0.9062041428751055
Matthews Correlation Coefficient:0.6700923556827483
