precision:0.7806240352876672
recall:0.6976401179941003
acc:0.7507374631268438
f1:0.7367459188101917
AUC:0.8011394784243089
AUPR:0.8225583146531623

