precision:0.8072103614311447
recall:0.7302961275626423
acc:0.7779043280182233
f1:0.7667802288085375
AUC:0.8450596112169059
AUPR:0.8680379746402129


