precision:0.784555734178674
recall:0.748410210479176
acc:0.7710544174407261
f1:0.7656367035523639
AUC:0.8422535021481853
AUPR:0.8582965652646996


