precision:0.7960923528131367
recall:0.7528023598820058
acc:0.7797935103244837
f1:0.7736995958183461
AUC:0.8441346664230209
AUPR:0.8590308758316029


