precision:0.8326697558019136
recall:0.7336370539104025
acc:0.7930144267274108
f1:0.7799332423865762
AUC:0.8532923529638989
AUPR:0.8747180342480378

