precision:0.784691487985166
recall:0.7509491268033409
acc:0.7724373576309794
f1:0.7674249268485507
AUC:0.8414433299951742
AUPR:0.8576777433661078

