precision:0.7733582913821503
recall:0.756637168141593
acc:0.7674041297935104
f1:0.7648215038896276
AUC:0.8377755153540258
AUPR:0.8532216217701463

