precision:0.7729827091801105
recall:0.7248272353941019
acc:0.7559842610162016
f1:0.7480631875688714
AUC:0.8283929510722764
AUPR:0.8495678463521372


