precision:0.7363934558341793
recall:0.6838975563113495
acc:0.7191054841582898
f1:0.7089787650425304
AUC:0.7629177609218377
AUPR:0.7837562875982681

