precision:0.8176046981006101
recall:0.8280170221213137
acc:0.8212852054173408
f1:0.8225807288710669
AUC:0.8912700104801828
AUPR:0.8838678869497313

