precision:0.8354087823579226
recall:0.8439295094467509
acc:0.8387514466277668
f1:0.8394961804116445
AUC:0.8741340674668345
AUPR:0.8544103055086293

